0400350020240502000000000000000000000000000000000000000000000000000000000000000000000000000000000000
548005963           223903              2024043002024043000004475000220240506PC0512   00000000000000
548749967           223823              2024043002024043000004475000220240506PC3134   00000000000000
548782109           223775              2024043002024043000004475000220240506PC1529   00000000000000
549047082           223733              2024043002024043000004475000220240506PC0273   00000000000000
550716067           223564              2024043002024043000004475000220240506PC3570   00000000000000
550833417           223611              2024043002024043000004475000220240506PC1529   00000000000000
551553666           223522              2024043002024043000004375000220240506PC0512   00000000000000
552152043           223506              2024043002024043000004375000220240506PC5463   00000000000000
553000829           223430              2024043002024043000004475000220240506PC1325   00000000000000
553123369           223446              2024043002024043000004475000220240506PC8933   00000000000000
553545324           223387              2024043002024043000004475000220240506PC3435   00000000000000
555725518           223157              2024043002024043000004475000220240506PC3435   00000000000000
556326993           223100              2024043002024043000004475000220240506PC5680   00000000000000
556602745           223131              2024043002024043000004475000220240506PC7123   00000000000000
556970270           223092              2024043002024043000004475000220240506HB1891   00000000000000
9400350020240502000001500000000006692500000000000000000000000000000000000000000000000000000000000000
