0400350020240531000000000000000000000000000000000000000000000000000000000000000000000000000000000000
548162246           224749              2024053102024053000004640000220240604HB1217   00000000000000
549778857           224651              2024053102024053000004640000220240604PC4453   00000000000000
550716067           224520              2024053102024053000004640000220240604PC4278   00000000000000
552150623           224484              2024053102024053000004520000220240604PC4467   00000000000000
552152043           224462              2024053102024053000004520000220240604PC2014   00000000000000
553542515           224333              2024053102024053000004640000220240604PC5686   00000000000000
556602745           224087              2024053102024053000004640000220240604PC7088   00000000000000
556834289           224037              2024053102024053000004640000220240604HB2400   00000000000000
9400350020240531000000800000000003688000000000000000000000000000000000000000000000000000000000000000
