0400350020240530000000000000000000000000000000000000000000000000000000000000000000000000000000000000
547605276           224811              2024053102024052900004640000220240603HB3343   00000000000000
547851289           224820              2024053102024052900004640000220240603PC0240   00000000000000
548749967           224780              2024053102024052900004640000220240603PC4561   00000000000000
549778029           224630              2024053102024052900004640000220240603HB3343   00000000000000
550876629           224541              2024053102024052900004640000220240603HB3343   00000000000000
551095233           224572              2024053102024052900004640000220240603HB5517   00000000000000
552150497           224483              2024053102024052900004520000220240603HB5131   00000000000000
552380772           224479              2024053102024052900004520000220240603PC2392   00000000000000
553545324           223387              2024053102024052900004575000220240603PC4538   00000000000000
554238027           224284              2024053102024052900004640000220240603HB0756   00000000000000
555725518           223157              2024053102024052900004575000220240603PC4538   00000000000000
9400350020240530000001100000000005067000000000000000000000000000000000000000000000000000000000000000
