0400350020240513000000000000000000000000000000000000000000000000000000000000000000000000000000000000
547851352           224857              2024053102024051000004640000220240515PC0392   00000000000000
548118721           224730              2024053102024051000002420000220240515HB9449   00000000000000
548205381           224769              2024053102024051000004640000220240515PC5515   00000000000000
549344680           224686              2024053102024051000004640000220240515PC1531   00000000000000
549613426           224669              2024053102024051000004640000220240515PC0132   00000000000000
549690579           224645              2024053102024051000004640000220240515PC2703   00000000000000
550068627           224611              2024053102024051000004640000220240515PC5044   00000000000000
550068864           224648              2024053102024051000004640000220240515PC8172   00000000000000
551373357           224500              2024053102024051000004520000220240515PC1041   00000000000000
552150741           224497              2024053102024051000004520000220240515PC1561   00000000000000
552380907           224285              2024053102024051000002420000220240515PC9834   00000000000000
552877743           224372              2024053102024051000004640000220240515PC4525   00000000000000
552877844           224385              2024053102024051000004640000220240515PC4459   00000000000000
553002715           224393              2024053102024051000002420000220240515PC6313   00000000000000
553120476           224374              2024053102024051000004640000220240515PC0505   00000000000000
553345587           224338              2024053102024051000004640000220240515PC1014   00000000000000
553345588           224339              2024053102024051000004640000220240515PC4059   00000000000000
553808082           224359              2024053102024051000004640000220240515PC4310   00000000000000
553808164           224341              2024053102024051000004640000220240515PC1503   00000000000000
553937571           224352              2024053102024051000004640000220240515PC1531   00000000000000
554238056           224253              2024053102024051000004640000220240515PC3411   00000000000000
554238104           223275              2024053102024051000002725000220240515PC3212   00000000000000
554238104           224231              2024053102024051000002420000220240515PC8304   00000000000000
554463357           224254              2024053102024051000004640000220240515PC4339   00000000000000
554707049           224234              2024053102024051000004640000220240515PC7135   00000000000000
554784478           224248              2024053102024051000004640000220240515PC0505   00000000000000
555205420           224207              2024053102024051000004640000220240515HB5714   00000000000000
555205490           224195              2024053102024051000004640000220240515PC4615   00000000000000
555851565           224135              2024053102024051000004640000220240515PC4097   00000000000000
556096279           224111              2024053102024051000004640000220240515PC3411   00000000000000
556097810           224145              2024053102024051000004640000220240515HB5714   00000000000000
556603549           224091              2024053102024051000004640000220240515PC6313   00000000000000
557100197           224092              2024053102024051000004640000220240515PC3608   00000000000000
557100603           224022              2024053102024051000004640000220240515PC4401   00000000000000
557286317           223989              2024053102024051000004640000220240515PC2871   00000000000000
557499108           223999              2024053102024051000004640000220240515PC4528   00000000000000
557915604           223921              2024053102024051000004520000220240515PC1483   00000000000000
558331711           222966              2024053102024051000004475000220240515PC0840   00000000000000
9400350020240513000003800000000016500000000000000000000000000000000000000000000000000000000000000000
