0400350020240514000000000000000000000000000000000000000000000000000000000000000000000000000000000000
548008542           224841              2024053102024051300004640000220240516PC2116   00000000000000
548613108           224768              2024053102024051200004640000220240516HB5861   00000000000000
548666253           224781              2024053102024051100004640000220240516HB9020   00000000000000
548783513           224770              2024053102024051200004640000220240516PC6055   00000000000000
549614943           224726              2024053102024051200004640000220240516PC6134   00000000000000
549908303           224587              2024053102024051300004640000220240516HB2816   00000000000000
550201427           224634              2024053102024051300004640000220240516PC1355   00000000000000
550933754           224538              2024053102024051300004640000220240516HB2816   00000000000000
551373339           224453              2024053102024051200004520000220240516PC6055   00000000000000
551373401           224473              2024053102024051200004520000220240516PC6134   00000000000000
552150742           224458              2024053102024051100004520000220240516PC2506   00000000000000
552390355           224389              2024053102024051300004640000220240516HB9115   00000000000000
553805581           224303              2024053102024051100004640000220240516PC6384   00000000000000
555313192           224181              2024053102024051300004640000220240516HB9115   00000000000000
9400350020240514000001400000000006460000000000000000000000000000000000000000000000000000000000000000
